0.9649466
0.999488
0.5795669
0.21356937
0.096411936
0.42732403
0.98790705
0.9997094
0.00033268513
0.408516
0.97763115
0.9513451
0.9987078
0.09898413
0.99999857
0.60666895
0.9992582
0.5420975
0.9917303
0.0493008
0.9873224
0.98031735
0.11871164
0.37478256
0.14304717
0.5555346
0.9999684
1.0
0.9999529
0.09115812
0.999559
0.035219874
0.00012769036
0.9854586
0.02217961
0.99932194
0.09380196
0.9999784
0.9999962
0.9997508
0.75473857
0.6730411
0.99908817
0.14103755
0.9999677
0.37932545
0.99982077
0.99403197
0.24943243
0.9980234
0.46411097
0.00010350739
0.010605311
0.54066384
0.9998129
0.9999391
0.016498292
0.29615816
0.024790786
0.18363886
0.73105925
0.040209804
0.46509397
0.9602267
0.99971646
0.9904559
0.017775169
0.9955349
0.8459533
0.32733804
0.014536065
0.9924436
0.9997056
0.045834307
0.0010692185
0.030968498
0.99313545
0.0048784884
0.9741716
0.99976665
0.00091294287
0.58743167
0.9988978
0.99986076
0.008031387
0.9976325
1.4549014e-05
3.2113472e-05
0.8916214
0.9999925
0.99263895
0.91219497
0.9998222
0.0033270828
0.64843714
0.9999602
0.9951833
0.12666191
0.38310295
0.97996706
0.938624
0.9062838
0.3534121
0.96373326
1.0
0.038269896
0.00034669274
0.61318094
0.26103345
0.03559658
0.9771165
0.99357754
0.9814828
0.08006423
0.82257676
0.9925007
0.0008839634
0.13862535
0.41858673
1.3356022e-05
0.970052
0.3290559
0.015392742
0.9984723
0.51013476
0.9446771
0.07590332
0.08417792
0.19918568
0.9283168
0.9524953
0.17558938
9.218932e-06
0.7922044
0.09251295
0.9864477
0.6555798
0.0069657937
0.932673
0.9737491
1.0
0.99993205
0.0028745201
0.052196037
0.0042957743
0.022820864
0.9914181
0.05760209
0.9994929
0.9417665
0.99937004
0.112455934
0.12591167
0.091882676
0.82595515
0.2532829
0.9999387
0.95199513
0.39675364
0.16390045
0.052016176
0.94786155
0.9994351
0.067753404
0.13165915
0.7924482
0.8314425
0.03926626
0.39085728
0.4639814
0.8125976
0.89544535
0.8325495
0.9999591
0.9878563
0.9998869
0.99989486
0.023385359
0.12096092
0.84683144
0.31588617
0.24283841
0.9282506
0.9990477
0.024778517
0.99993825
0.99881434
0.0043111043
0.2385109
0.018601181
0.99997914
0.99974424
0.8196987
0.99999654
0.064902544
0.99999785
0.9995635
0.000675482
0.9999993
0.56835693
0.76888025
0.25851554
0.03941645
0.99994683
0.68952066
0.66712266
0.9164768
0.15552174
0.97406363
0.030670365
0.9999987
0.09266014
0.00014554732
0.000237585
0.13882722
0.23629884
0.5287768
0.99999845
0.018933056
0.9998698
0.9997003
0.056954253
0.09518648
0.087196685
0.018542621
0.85806435
0.004785844
0.9859781
0.99592566
0.999496
0.6931996
0.008558703
0.99603075
0.38789803
0.8086152
0.36726314
0.082744546
0.99334806
0.0006704042
0.9896689
0.40055192
0.5479343
0.07684135
0.9970943
0.7445061
0.00020322051
0.0016348399
0.0028556648
0.16363092
0.95460135
0.9998202
0.07806751
0.003716544
0.9999993
0.99999976
0.00034664632
0.8229305
0.99664694
0.2535332
0.99059135
6.0739727e-05
0.9813674
0.04206946
0.82284164
0.9833614
0.5653336
0.014606395
0.37238315
0.12240345
0.0016044865
0.4644248
0.9540014
0.999995
0.024144664
0.988744
0.6134243
0.41893154
0.00830965
0.9999696
0.9998441
0.5102115
0.99990726
0.72173893
0.0707004
0.39943248
0.002353075
0.9997011
0.7225062
0.004283546
0.7542214
0.9991246
0.014072629
0.991915
0.99999046
0.9947513
0.9846027
0.21571814
0.07117372
0.99999833
0.027169174
0.9090154
0.0019361004
0.5728374
0.9862839
0.9998667
0.797913
0.9789548
0.7404848
0.057241287
0.99936205
0.99743444
0.9891367
0.7586295
0.0049858307
0.048669618
0.99961025
0.9953056
0.01339036
0.99999034
0.99624616
0.007830157
0.6337323
0.8509724
0.85478944
0.7961584
0.9994728
0.90855587
0.99992895
0.9986656
0.9953636
0.65014046
0.0067057046
0.99200565
0.796242
0.023932638
0.94453067
0.8897166
0.36867717
0.0007965766
0.2522906
0.98108506
0.3889135
0.81283593
0.9998547
0.4334108
0.99330693
0.9999902
0.70184416
0.99935
0.0344665
0.83519554
0.9493854
0.3577578
0.9999298
0.96385366
0.06849022
0.8828099
0.999907
0.9499835
0.85676485
0.22840255
0.053423904
0.74944746
0.48928773
0.99176073
1.0
0.001262173
0.9997379
0.9669747
0.6431944
0.017634002
0.07897577
0.00069883914
0.8512238
0.029661251
0.99922943
0.046290584
0.99999666
0.93283486
0.93105376
0.9944712
0.010951
0.9994337
0.09574008
0.68343943
0.9994475
0.682137
0.90479404
0.99982774
0.0009856678
0.003113925
0.28651875
0.17337595
0.9999379
0.39668372
0.0048798756
0.48719254
0.9998454
0.9992901
0.001172804
0.4421802
0.9129047
0.99999714
0.9517251
0.93393344
0.6259883
0.99835384
0.9999974
0.99654984
0.9502573
0.7740905
0.9995419
0.13768058
0.05769379
0.80765975
0.16681847
0.9938214
0.0026766225
0.050720595
0.04802138
0.46629387
0.0010489404
0.99996626
9.927432e-06
0.72017044
0.070623055
0.14870316
0.9990872
0.027866354
0.24673149
1.0
0.013430952
0.01548856
0.13549528
0.99984324
0.99447435
0.538953
0.9557332
0.99999857
0.47810787
0.92742664
0.94159144
0.4128244
0.82015806
0.034247495
0.8931505
0.047966827
0.99995565
0.13444555
0.16724518
0.9994337
0.021394195
0.0702455
0.23673928
0.49205288
0.98390424
0.4529673
0.06137344
0.18354411
0.25865248
0.99686784
0.0009301819
0.98518175
0.9089952
0.99403435
0.8482003
0.9984497
0.9150247
0.1220994
0.19711062
0.95700705
0.17915437
0.96631384
0.99997425
0.6083656
0.8271459
0.9999615
0.7238741
0.5815522
0.7516083
0.6196296
0.9098151
0.00094093
0.994484
0.18592231
0.28681335
0.013037408
0.99986625
0.99996233
0.99975675
0.89545745
0.06349148
0.00026807844
0.51020104
0.99323565
0.9999434
0.77656597
0.91515845
0.6199124
0.9999989
0.050410587
0.6089178
0.0009387316
0.0015625316
0.9416583
0.98302025
0.99996877
0.9993088
0.995255
0.9977196
0.0013011892
0.08410426
0.9962368
0.040375646
1.0
0.9645407
0.10011006
0.007335233
0.883153
0.0016531597
0.41907477
0.005437877
0.022920528
0.9997706
0.9999864
0.8854509
0.6545991
0.8384411
0.8838229
0.761736
0.99985266
0.996833
0.0010512557
0.9568101
0.68089986
0.9724525
0.041699313
0.99979407
0.98352456
0.99085885
0.5257068
0.0035359636
0.99303895
0.9989644
0.011325259
0.029719662
0.4759201
0.9999534
0.99512464
0.2047906
0.9999993
0.99999046
0.88983405
0.999944
0.03200216
0.99999976
0.76798975
0.9947621
0.99225616
0.72364634
1.0
0.99535614
0.0018224431
0.0597168
0.99995244
0.20549
1.0
0.99848074
0.99998724
0.9999223
0.9991493
0.9998735
0.9998062
0.11137089
0.48727563
0.9998547
0.9997942
0.8862145
0.004567395
0.9999939
0.9991844
0.09293314
0.9654246
0.93735087
0.02810335
0.0692175
0.99928147
0.65200055
0.015305369
0.031417567
0.09688051
0.047344007
0.024727669
0.9965006
0.008483643
0.9995863
0.075021416
0.9999733
0.02895872
0.0441552
0.00995707
0.0026438134
0.20836446
0.0033414438
0.0037465666
0.3765692
0.23145814
0.99982965
0.91713405
0.0007976294
0.30566594
0.0061793495
0.8754439
0.049064804
0.65248203
0.051862217
0.22484833
0.006613876
0.00085840677
0.94476306
0.11205879
0.85311264
0.07686816
0.90648484
1.0
0.8017163
0.0804913
0.4014099
0.36239195
0.9922881
0.9595867
0.9943182
0.99998975
0.9895253
0.10005269
0.9889803
0.980135
0.00408727
0.8622793
0.0049272752
0.99653435
0.7820137
0.99993324
0.8297157
0.99906427
0.0003538754
0.0061922274
0.758597
0.69089544
0.9597618
0.9992397
0.8676705
0.9346805
0.9908172
0.99992573
0.99978894
0.9999037
0.0017667246
0.9951461
0.997846
0.6192778
0.0039812867
0.00080753636
0.99747556
0.99952257
0.0012636231
0.43816906
0.03769393
0.7823088
0.004834601
0.9859613
0.9999726
0.5918946
0.99989545
0.14482139
0.9759418
0.017909419
0.9868667
0.8982611
0.8570247
0.21620975
0.005432544
0.14620471
0.002202564
0.17925648
0.103166364
0.5289635
0.3738864
0.85922486
0.0012358521
0.109285444
0.99952924
0.62384796
0.92418814
0.90672636
0.06380158
0.8281195
0.26797494
0.107587546
0.99960667
0.9999273
0.008518158
0.72176236
0.700102
0.93478864
0.4107705
0.9243462
0.7465076
0.99997234
0.9998541
0.5706207
0.998803
0.999816
0.5454168
0.99672025
0.9999901
0.9991997
0.32617763
0.004570494
0.9996244
0.9542609
0.00027286858
0.3709995
0.16984132
0.99976164
0.8791963
0.9997423
0.3633742
0.99582374
0.9999535
0.4824293
0.6496831
0.9992581
0.549506
0.9456121
0.52018476
0.61285794
0.6559235
0.58393985
0.011569939
0.8381282
0.9999652
0.001163137
0.44506037
0.09253309
0.6562083
0.99983835
0.0005802775
0.016567202
0.7717651
0.99999356
0.99634796
0.99916816
0.9989754
0.9998772
0.3615455
0.9999691
0.99818426
0.9997681
0.030133506
0.99997413
0.0016062236
0.560992
0.4208119
0.92606765
0.8477066
0.12000381
0.5163638
0.96673167
0.052911703
0.99393445
0.9948776
0.006084572
0.028784081
0.9812874
0.25368857
0.9995054
0.24711624
0.9994647
0.54586405
0.9976338
0.00035588312
0.0029655783
0.31589565
0.7413745
0.0067336555
0.055166163
0.95049715
1.4362603e-06
0.046856467
0.96072996
0.99769115
0.9999976
0.00986945
0.99982774
0.062423665
1.0
0.95572317
0.47429
0.9959849
0.31440365
0.986715
0.96391696
0.9847711
0.011414798
0.49286184
0.14841533
0.4155971
0.0032415742
0.9999695
0.2053775
0.9999999
0.9999999
0.43390828
0.41739804
0.9949999
0.89795977
0.30711752
0.6273375
0.99999595
0.999206
0.9997595
0.99968123
0.99978906
